[1, 844, 17.518600940704346]
[1, 758, 18.22499418258667]
[1, 2766, 18.008270263671875]
[1, 5296, 17.916162252426147]
[1, 178, 17.96192717552185]
[1, 888, 17.056336879730225]
[1, 6172, 18.630906105041504]
[1, 8035, 17.95541501045227]
[1, 9337, 17.712494134902954]
[1, 1967, 17.712443113327026]
[2, 22664, 108.31749677658081]
[2, 9786, 108.32198095321655]
[2, 15768, 107.85749578475952]
[2, 9686, 108.24269199371338]
[2, 10520, 110.60461401939392]
[2, 22976, 108.30626368522644]
[2, 7032, 105.52690291404724]
[2, 10135, 104.76715588569641]
[2, 10228, 105.75007605552673]
[2, 20490, 104.64041709899902]
[3, 80239, 1660.9939579963684]
[3, 93930, 1677.0181691646576]
[3, 41169, 1661.0147159099579]
[3, 27103, 1672.079293012619]
[3, 35257, 1707.0543608665466]
[3, 19886, 1661.740259885788]
[3, 2966, 1676.9751641750336]
[3, 31629, 1673.27454996109]
[3, 22905, 1733.2787501811981]
[3, 55433, 1711.6096119880676]
